3.0 1.0 3.0 37.0 31.0 40.0 8.0 23.0 
3.0 37.0 3.0 1.0 40.0 31.0 23.0 8.0 
3.0 1.0 4.0 22.0 31.0 22.0 8.0 27.0 
3.0 37.0 4.0 15.0 40.0 15.0 23.0 29.0 
3.0 1.0 9.0 29.0 31.0 3.0 8.0 13.0 
3.0 37.0 9.0 3.0 40.0 30.0 23.0 17.0 
3.0 1.0 14.0 36.0 31.0 9.0 8.0 39.0 
3.0 37.0 14.0 32.0 40.0 8.0 23.0 10.0 
3.0 1.0 17.0 32.0 31.0 39.0 8.0 5.0 
3.0 37.0 17.0 33.0 40.0 21.0 23.0 16.0 
3.0 1.0 18.0 17.0 31.0 26.0 8.0 17.0 
3.0 37.0 18.0 6.0 40.0 14.0 23.0 38.0 
3.0 1.0 20.0 28.0 31.0 11.0 8.0 34.0 
3.0 37.0 20.0 34.0 40.0 28.0 23.0 35.0 
3.0 1.0 22.0 39.0 31.0 33.0 8.0 20.0 
3.0 37.0 22.0 21.0 40.0 2.0 23.0 23.0 
3.0 1.0 28.0 31.0 31.0 37.0 8.0 10.0 
3.0 37.0 28.0 23.0 40.0 1.0 23.0 32.0 
3.0 1.0 29.0 16.0 31.0 25.0 8.0 40.0 
3.0 37.0 29.0 37.0 40.0 4.0 23.0 5.0 
4.0 15.0 3.0 37.0 15.0 40.0 29.0 23.0 
4.0 22.0 3.0 1.0 22.0 31.0 27.0 8.0 
4.0 15.0 4.0 22.0 15.0 22.0 29.0 27.0 
4.0 22.0 4.0 15.0 22.0 15.0 27.0 29.0 
4.0 15.0 9.0 29.0 15.0 3.0 29.0 13.0 
4.0 22.0 9.0 3.0 22.0 30.0 27.0 17.0 
4.0 15.0 14.0 36.0 15.0 9.0 29.0 39.0 
4.0 22.0 14.0 32.0 22.0 8.0 27.0 10.0 
4.0 15.0 17.0 32.0 15.0 39.0 29.0 5.0 
4.0 22.0 17.0 33.0 22.0 21.0 27.0 16.0 
4.0 15.0 18.0 17.0 15.0 26.0 29.0 17.0 
4.0 22.0 18.0 6.0 22.0 14.0 27.0 38.0 
4.0 15.0 20.0 28.0 15.0 11.0 29.0 34.0 
4.0 22.0 20.0 34.0 22.0 28.0 27.0 35.0 
4.0 15.0 22.0 39.0 15.0 33.0 29.0 20.0 
4.0 22.0 22.0 21.0 22.0 2.0 27.0 23.0 
4.0 15.0 28.0 31.0 15.0 37.0 29.0 10.0 
4.0 22.0 28.0 23.0 22.0 1.0 27.0 32.0 
4.0 15.0 29.0 16.0 15.0 25.0 29.0 40.0 
4.0 22.0 29.0 37.0 22.0 4.0 27.0 5.0 
9.0 29.0 3.0 1.0 3.0 31.0 13.0 8.0 
9.0 3.0 3.0 37.0 30.0 40.0 17.0 23.0 
9.0 29.0 4.0 15.0 3.0 15.0 13.0 29.0 
9.0 3.0 4.0 22.0 30.0 22.0 17.0 27.0 
9.0 29.0 9.0 3.0 3.0 30.0 13.0 17.0 
9.0 3.0 9.0 29.0 30.0 3.0 17.0 13.0 
9.0 29.0 14.0 32.0 3.0 8.0 13.0 10.0 
9.0 3.0 14.0 36.0 30.0 9.0 17.0 39.0 
9.0 29.0 17.0 33.0 3.0 21.0 13.0 16.0 
9.0 3.0 17.0 32.0 30.0 39.0 17.0 5.0 
9.0 29.0 18.0 6.0 3.0 14.0 13.0 38.0 
9.0 3.0 18.0 17.0 30.0 26.0 17.0 17.0 
9.0 29.0 20.0 34.0 3.0 28.0 13.0 35.0 
9.0 3.0 20.0 28.0 30.0 11.0 17.0 34.0 
9.0 29.0 22.0 21.0 3.0 2.0 13.0 23.0 
9.0 3.0 22.0 39.0 30.0 33.0 17.0 20.0 
9.0 29.0 28.0 23.0 3.0 1.0 13.0 32.0 
9.0 3.0 28.0 31.0 30.0 37.0 17.0 10.0 
9.0 29.0 29.0 37.0 3.0 4.0 13.0 5.0 
9.0 3.0 29.0 16.0 30.0 25.0 17.0 40.0 
14.0 32.0 3.0 37.0 8.0 40.0 10.0 23.0 
14.0 36.0 3.0 1.0 9.0 31.0 39.0 8.0 
14.0 32.0 4.0 22.0 8.0 22.0 10.0 27.0 
14.0 36.0 4.0 15.0 9.0 15.0 39.0 29.0 
14.0 32.0 9.0 29.0 8.0 3.0 10.0 13.0 
14.0 36.0 9.0 3.0 9.0 30.0 39.0 17.0 
14.0 32.0 14.0 36.0 8.0 9.0 10.0 39.0 
14.0 36.0 14.0 32.0 9.0 8.0 39.0 10.0 
14.0 32.0 17.0 32.0 8.0 39.0 10.0 5.0 
14.0 36.0 17.0 33.0 9.0 21.0 39.0 16.0 
14.0 32.0 18.0 17.0 8.0 26.0 10.0 17.0 
14.0 36.0 18.0 6.0 9.0 14.0 39.0 38.0 
14.0 32.0 20.0 28.0 8.0 11.0 10.0 34.0 
14.0 36.0 20.0 34.0 9.0 28.0 39.0 35.0 
14.0 32.0 22.0 39.0 8.0 33.0 10.0 20.0 
14.0 36.0 22.0 21.0 9.0 2.0 39.0 23.0 
14.0 32.0 28.0 31.0 8.0 37.0 10.0 10.0 
14.0 36.0 28.0 23.0 9.0 1.0 39.0 32.0 
14.0 32.0 29.0 16.0 8.0 25.0 10.0 40.0 
14.0 36.0 29.0 37.0 9.0 4.0 39.0 5.0 
17.0 33.0 3.0 37.0 21.0 40.0 16.0 23.0 
17.0 32.0 3.0 1.0 39.0 31.0 5.0 8.0 
17.0 33.0 4.0 22.0 21.0 22.0 16.0 27.0 
17.0 32.0 4.0 15.0 39.0 15.0 5.0 29.0 
17.0 33.0 9.0 29.0 21.0 3.0 16.0 13.0 
17.0 32.0 9.0 3.0 39.0 30.0 5.0 17.0 
17.0 33.0 14.0 36.0 21.0 9.0 16.0 39.0 
17.0 32.0 14.0 32.0 39.0 8.0 5.0 10.0 
17.0 33.0 17.0 32.0 21.0 39.0 16.0 5.0 
17.0 32.0 17.0 33.0 39.0 21.0 5.0 16.0 
17.0 33.0 18.0 17.0 21.0 26.0 16.0 17.0 
17.0 32.0 18.0 6.0 39.0 14.0 5.0 38.0 
17.0 33.0 20.0 28.0 21.0 11.0 16.0 34.0 
17.0 32.0 20.0 34.0 39.0 28.0 5.0 35.0 
17.0 33.0 22.0 39.0 21.0 33.0 16.0 20.0 
17.0 32.0 22.0 21.0 39.0 2.0 5.0 23.0 
17.0 33.0 28.0 31.0 21.0 37.0 16.0 10.0 
17.0 32.0 28.0 23.0 39.0 1.0 5.0 32.0 
17.0 33.0 29.0 16.0 21.0 25.0 16.0 40.0 
17.0 32.0 29.0 37.0 39.0 4.0 5.0 5.0 
18.0 6.0 3.0 37.0 14.0 40.0 38.0 23.0 
18.0 17.0 3.0 1.0 26.0 31.0 17.0 8.0 
18.0 6.0 4.0 22.0 14.0 22.0 38.0 27.0 
18.0 17.0 4.0 15.0 26.0 15.0 17.0 29.0 
18.0 6.0 9.0 29.0 14.0 3.0 38.0 13.0 
18.0 17.0 9.0 3.0 26.0 30.0 17.0 17.0 
18.0 6.0 14.0 36.0 14.0 9.0 38.0 39.0 
18.0 17.0 14.0 32.0 26.0 8.0 17.0 10.0 
18.0 6.0 17.0 32.0 14.0 39.0 38.0 5.0 
18.0 17.0 17.0 33.0 26.0 21.0 17.0 16.0 
18.0 6.0 18.0 17.0 14.0 26.0 38.0 17.0 
18.0 17.0 18.0 6.0 26.0 14.0 17.0 38.0 
18.0 6.0 20.0 28.0 14.0 11.0 38.0 34.0 
18.0 17.0 20.0 34.0 26.0 28.0 17.0 35.0 
18.0 6.0 22.0 39.0 14.0 33.0 38.0 20.0 
18.0 17.0 22.0 21.0 26.0 2.0 17.0 23.0 
18.0 6.0 28.0 31.0 14.0 37.0 38.0 10.0 
18.0 17.0 28.0 23.0 26.0 1.0 17.0 32.0 
18.0 6.0 29.0 16.0 14.0 25.0 38.0 40.0 
18.0 17.0 29.0 37.0 26.0 4.0 17.0 5.0 
20.0 28.0 3.0 1.0 11.0 31.0 34.0 8.0 
20.0 34.0 3.0 37.0 28.0 40.0 35.0 23.0 
20.0 28.0 4.0 15.0 11.0 15.0 34.0 29.0 
20.0 34.0 4.0 22.0 28.0 22.0 35.0 27.0 
20.0 28.0 9.0 3.0 11.0 30.0 34.0 17.0 
20.0 34.0 9.0 29.0 28.0 3.0 35.0 13.0 
20.0 28.0 14.0 32.0 11.0 8.0 34.0 10.0 
20.0 34.0 14.0 36.0 28.0 9.0 35.0 39.0 
20.0 28.0 17.0 33.0 11.0 21.0 34.0 16.0 
20.0 34.0 17.0 32.0 28.0 39.0 35.0 5.0 
20.0 28.0 18.0 6.0 11.0 14.0 34.0 38.0 
20.0 34.0 18.0 17.0 28.0 26.0 35.0 17.0 
20.0 28.0 20.0 34.0 11.0 28.0 34.0 35.0 
20.0 34.0 20.0 28.0 28.0 11.0 35.0 34.0 
20.0 28.0 22.0 21.0 11.0 2.0 34.0 23.0 
20.0 34.0 22.0 39.0 28.0 33.0 35.0 20.0 
20.0 28.0 28.0 23.0 11.0 1.0 34.0 32.0 
20.0 34.0 28.0 31.0 28.0 37.0 35.0 10.0 
20.0 28.0 29.0 37.0 11.0 4.0 34.0 5.0 
20.0 34.0 29.0 16.0 28.0 25.0 35.0 40.0 
22.0 21.0 3.0 37.0 2.0 40.0 23.0 23.0 
22.0 39.0 3.0 1.0 33.0 31.0 20.0 8.0 
22.0 21.0 4.0 22.0 2.0 22.0 23.0 27.0 
22.0 39.0 4.0 15.0 33.0 15.0 20.0 29.0 
22.0 21.0 9.0 29.0 2.0 3.0 23.0 13.0 
22.0 39.0 9.0 3.0 33.0 30.0 20.0 17.0 
22.0 21.0 14.0 36.0 2.0 9.0 23.0 39.0 
22.0 39.0 14.0 32.0 33.0 8.0 20.0 10.0 
22.0 21.0 17.0 32.0 2.0 39.0 23.0 5.0 
22.0 39.0 17.0 33.0 33.0 21.0 20.0 16.0 
22.0 21.0 18.0 17.0 2.0 26.0 23.0 17.0 
22.0 39.0 18.0 6.0 33.0 14.0 20.0 38.0 
22.0 21.0 20.0 28.0 2.0 11.0 23.0 34.0 
22.0 39.0 20.0 34.0 33.0 28.0 20.0 35.0 
22.0 21.0 22.0 39.0 2.0 33.0 23.0 20.0 
22.0 39.0 22.0 21.0 33.0 2.0 20.0 23.0 
22.0 21.0 28.0 31.0 2.0 37.0 23.0 10.0 
22.0 39.0 28.0 23.0 33.0 1.0 20.0 32.0 
22.0 21.0 29.0 16.0 2.0 25.0 23.0 40.0 
22.0 39.0 29.0 37.0 33.0 4.0 20.0 5.0 
28.0 23.0 3.0 37.0 1.0 40.0 32.0 23.0 
28.0 31.0 3.0 1.0 37.0 31.0 10.0 8.0 
28.0 23.0 4.0 22.0 1.0 22.0 32.0 27.0 
28.0 31.0 4.0 15.0 37.0 15.0 10.0 29.0 
28.0 23.0 9.0 29.0 1.0 3.0 32.0 13.0 
28.0 31.0 9.0 3.0 37.0 30.0 10.0 17.0 
28.0 23.0 14.0 36.0 1.0 9.0 32.0 39.0 
28.0 31.0 14.0 32.0 37.0 8.0 10.0 10.0 
28.0 23.0 17.0 32.0 1.0 39.0 32.0 5.0 
28.0 31.0 17.0 33.0 37.0 21.0 10.0 16.0 
28.0 23.0 18.0 17.0 1.0 26.0 32.0 17.0 
28.0 31.0 18.0 6.0 37.0 14.0 10.0 38.0 
28.0 23.0 20.0 28.0 1.0 11.0 32.0 34.0 
28.0 31.0 20.0 34.0 37.0 28.0 10.0 35.0 
28.0 23.0 22.0 39.0 1.0 33.0 32.0 20.0 
28.0 31.0 22.0 21.0 37.0 2.0 10.0 23.0 
28.0 23.0 28.0 31.0 1.0 37.0 32.0 10.0 
28.0 31.0 28.0 23.0 37.0 1.0 10.0 32.0 
28.0 23.0 29.0 16.0 1.0 25.0 32.0 40.0 
28.0 31.0 29.0 37.0 37.0 4.0 10.0 5.0 
29.0 37.0 3.0 37.0 4.0 40.0 5.0 23.0 
29.0 16.0 3.0 1.0 25.0 31.0 40.0 8.0 
29.0 37.0 4.0 22.0 4.0 22.0 5.0 27.0 
29.0 16.0 4.0 15.0 25.0 15.0 40.0 29.0 
29.0 37.0 9.0 29.0 4.0 3.0 5.0 13.0 
29.0 16.0 9.0 3.0 25.0 30.0 40.0 17.0 
29.0 37.0 14.0 36.0 4.0 9.0 5.0 39.0 
29.0 16.0 14.0 32.0 25.0 8.0 40.0 10.0 
29.0 37.0 17.0 32.0 4.0 39.0 5.0 5.0 
29.0 16.0 17.0 33.0 25.0 21.0 40.0 16.0 
29.0 37.0 18.0 17.0 4.0 26.0 5.0 17.0 
29.0 16.0 18.0 6.0 25.0 14.0 40.0 38.0 
29.0 37.0 20.0 28.0 4.0 11.0 5.0 34.0 
29.0 16.0 20.0 34.0 25.0 28.0 40.0 35.0 
29.0 37.0 22.0 39.0 4.0 33.0 5.0 20.0 
29.0 16.0 22.0 21.0 25.0 2.0 40.0 23.0 
29.0 37.0 28.0 31.0 4.0 37.0 5.0 10.0 
29.0 16.0 28.0 23.0 25.0 1.0 40.0 32.0 
29.0 37.0 29.0 16.0 4.0 25.0 5.0 40.0 
29.0 16.0 29.0 37.0 25.0 4.0 40.0 5.0 
